V0=[2 54 5 6 2 6 43 2 7 4]
V1=V0*2
V2=V1*5
L0=V0(1:4)
L2=V1(5:6)
A=[V0;V1;V2]
A=[V2;V1;V0]
